#Sample attractive interaction potential tabulated file, between DNA-coated particles with average center-to-center distance of 400nm and strength of ~ 4.5 k_b T; adopted from experimentally-validated interaction potential described in Rogers et. al, Proc. Natl. Acad. Sci. U. S. A. 2011, 108 (38), 15687–15692
DNA_Att_Potential
N 601 R 4.000000E-05 4.600000E-05 

1     4.000000E-05     2.880923E-12    -5.148427E-06  
2     4.001000E-05     2.932403E-12    -4.469805E-06  
3     4.002000E-05     2.970315E-12    -3.143205E-06  
4     4.003000E-05     2.995267E-12    -1.877839E-06  
5     4.004000E-05     3.007890E-12    -6.736995E-07  
6     4.005000E-05     3.008745E-12    4.692105E-07  
7     4.006000E-05     2.998485E-12    1.550891E-06  
8     4.007000E-05     2.977740E-12    2.571345E-06  
9     4.008000E-05     2.947073E-12    3.530565E-06  
10     4.009000E-05     2.907112E-12    4.428563E-06  
11     4.010000E-05     2.858490E-12    5.265337E-06  
12     4.011000E-05     2.801813E-12    6.040912E-06  
13     4.012000E-05     2.737688E-12    6.755175E-06  
14     4.013000E-05     2.666700E-12    7.408305E-06  
15     4.014000E-05     2.589525E-12    8.000100E-06  
16     4.015000E-05     2.506703E-12    8.530695E-06  
17     4.016000E-05     2.418908E-12    9.000135E-06  
18     4.017000E-05     2.326703E-12    9.408307E-06  
19     4.018000E-05     2.230729E-12    9.755235E-06  
20     4.019000E-05     2.131605E-12    1.004101E-05  
21     4.020000E-05     2.029905E-12    1.026547E-05  
22     4.021000E-05     1.926293E-12    1.042873E-05  
23     4.022000E-05     1.821341E-12    1.053077E-05  
24     4.023000E-05     1.715681E-12    1.057153E-05  
25     4.024000E-05     1.609909E-12    1.055113E-05  
26     4.025000E-05     1.504643E-12    1.046943E-05  
27     4.026000E-05     1.400513E-12    1.032653E-05  
28     4.027000E-05     1.298115E-12    1.012244E-05  
29     4.028000E-05     1.198069E-12    9.857070E-06  
30     4.029000E-05     1.100977E-12    9.530505E-06  
31     4.030000E-05     1.007460E-12    9.142695E-06  
32     4.031000E-05     9.181328E-13    8.693730E-06  
33     4.032000E-05     8.335868E-13    8.183407E-06  
34     4.033000E-05     7.544565E-13    7.611907E-06  
35     4.034000E-05     6.813495E-13    6.979207E-06  
36     4.035000E-05     6.148733E-13    6.366375E-06  
37     4.036000E-05     5.540220E-13    5.875470E-06  
38     4.037000E-05     4.973648E-13    5.456790E-06  
39     4.038000E-05     4.448880E-13    5.039685E-06  
40     4.039000E-05     3.965715E-13    4.624132E-06  
41     4.040000E-05     3.524040E-13    4.239383E-06  
42     4.041000E-05     3.117848E-13    3.915585E-06  
43     4.042000E-05     2.740928E-13    3.625042E-06  
44     4.043000E-05     2.392830E-13    3.339023E-06  
45     4.044000E-05     2.073128E-13    3.057548E-06  
46     4.045000E-05     1.781325E-13    2.801633E-06  
47     4.046000E-05     1.512788E-13    2.591280E-06  
48     4.047000E-05     1.263071E-13    2.403832E-06  
49     4.048000E-05     1.032023E-13    2.217757E-06  
50     4.049000E-05     8.195197E-14    2.033021E-06  
51     4.050000E-05     6.254213E-14    1.866161E-06  
52     4.051000E-05     4.462897E-14    1.730025E-06  
53     4.052000E-05     2.794140E-14    1.602698E-06  
54     4.053000E-05     1.257491E-14    1.465841E-06  
55     4.054000E-05     -1.375279E-15    1.319445E-06  
56     4.055000E-05     -1.381388E-14    1.171159E-06  
57     4.056000E-05     -2.479837E-14    1.041687E-06  
58     4.057000E-05     -3.464775E-14    9.429773E-07  
59     4.058000E-05     -4.365810E-14    8.739270E-07  
60     4.059000E-05     -5.212620E-14    8.345205E-07  
61     4.060000E-05     -6.034837E-14    8.135168E-07  
62     4.061000E-05     -6.839662E-14    7.883528E-07  
63     4.062000E-05     -7.611503E-14    7.532708E-07  
64     4.063000E-05     -8.346195E-14    7.138440E-07  
65     4.064000E-05     -9.039173E-14    6.700793E-07  
66     4.065000E-05     -9.686430E-14    6.273788E-07  
67     4.066000E-05     -1.029407E-13    5.918288E-07  
68     4.067000E-05     -1.087007E-13    5.590170E-07  
69     4.068000E-05     -1.141211E-13    5.238720E-07  
70     4.069000E-05     -1.191780E-13    4.863938E-07  
71     4.070000E-05     -1.238479E-13    4.500157E-07  
72     4.071000E-05     -1.281780E-13    4.193460E-07  
73     4.072000E-05     -1.322359E-13    3.927060E-07  
74     4.073000E-05     -1.360328E-13    3.672450E-07  
75     4.074000E-05     -1.395799E-13    3.429652E-07  
76     4.075000E-05     -1.428919E-13    3.183345E-07  
77     4.076000E-05     -1.459463E-13    2.927633E-07  
78     4.077000E-05     -1.487475E-13    2.691810E-07  
79     4.078000E-05     -1.513305E-13    2.495812E-07  
80     4.079000E-05     -1.537380E-13    2.339685E-07  
81     4.080000E-05     -1.560105E-13    2.202143E-07  
82     4.081000E-05     -1.581435E-13    2.053395E-07  
83     4.082000E-05     -1.601168E-13    1.902015E-07  
84     4.083000E-05     -1.619471E-13    1.765013E-07  
85     4.084000E-05     -1.636470E-13    1.642399E-07  
86     4.085000E-05     -1.652321E-13    1.530698E-07  
87     4.086000E-05     -1.667081E-13    1.426421E-07  
88     4.087000E-05     -1.680840E-13    1.333012E-07  
89     4.088000E-05     -1.693733E-13    1.253970E-07  
90     4.089000E-05     -1.705928E-13    1.189271E-07  
91     4.090000E-05     -1.717537E-13    1.149547E-07  
92     4.091000E-05     -1.728911E-13    1.126575E-07  
93     4.092000E-05     -1.740060E-13    1.081620E-07  
94     4.093000E-05     -1.750545E-13    9.946598E-08  
95     4.094000E-05     -1.759950E-13    8.657100E-08  
96     4.095000E-05     -1.767859E-13    6.915150E-08  
97     4.096000E-05     -1.773788E-13    5.012325E-08  
98     4.097000E-05     -1.777882E-13    3.466912E-08  
99     4.098000E-05     -1.780717E-13    2.473267E-08  
100     4.099000E-05     -1.782832E-13    2.031379E-08  
101     4.100000E-05     -1.784779E-13    1.814400E-08  
102     4.101000E-05     -1.786455E-13    1.405823E-08  
103     4.102000E-05     -1.787591E-13    9.981202E-09  
104     4.103000E-05     -1.788457E-13    8.733532E-09  
105     4.104000E-05     -1.789335E-13    1.031510E-08  
106     4.105000E-05     -1.790528E-13    1.531688E-08  
107     4.106000E-05     -1.792395E-13    2.135993E-08  
108     4.107000E-05     -1.794791E-13    2.339977E-08  
109     4.108000E-05     -1.797075E-13    1.936058E-08  
110     4.109000E-05     -1.798661E-13    9.242235E-09  
111     4.110000E-05     -1.798931E-13    -4.619520E-09  
112     4.111000E-05     -1.797739E-13    -1.689908E-08  
113     4.112000E-05     -1.795545E-13    -2.544660E-08  
114     4.113000E-05     -1.792643E-13    -3.110265E-08  
115     4.114000E-05     -1.789335E-13    -3.386723E-08  
116     4.115000E-05     -1.785881E-13    -3.499987E-08  
117     4.116000E-05     -1.782338E-13    -3.686602E-08  
118     4.117000E-05     -1.778501E-13    -3.986528E-08  
119     4.118000E-05     -1.774361E-13    -4.329158E-08  
120     4.119000E-05     -1.769839E-13    -4.714448E-08  
121     4.120000E-05     -1.764923E-13    -5.130630E-08  
122     4.121000E-05     -1.759579E-13    -5.501925E-08  
123     4.122000E-05     -1.753920E-13    -5.744025E-08  
124     4.123000E-05     -1.748092E-13    -5.836793E-08  
125     4.124000E-05     -1.742242E-13    -5.780070E-08  
126     4.125000E-05     -1.736539E-13    -5.556578E-08  
127     4.126000E-05     -1.731139E-13    -5.290942E-08  
128     4.127000E-05     -1.725953E-13    -5.213632E-08  
129     4.128000E-05     -1.720710E-13    -5.413073E-08  
130     4.129000E-05     -1.715130E-13    -5.889263E-08  
131     4.130000E-05     -1.708931E-13    -6.606900E-08  
132     4.131000E-05     -1.701911E-13    -7.345935E-08  
133     4.132000E-05     -1.694239E-13    -7.864403E-08  
134     4.133000E-05     -1.686195E-13    -8.105468E-08  
135     4.134000E-05     -1.678028E-13    -8.068905E-08  
136     4.135000E-05     -1.670051E-13    -7.748370E-08  
137     4.136000E-05     -1.662525E-13    -7.362360E-08  
138     4.137000E-05     -1.655325E-13    -7.254405E-08  
139     4.138000E-05     -1.648012E-13    -7.543507E-08  
140     4.139000E-05     -1.640239E-13    -8.229667E-08  
141     4.140000E-05     -1.631565E-13    -9.437332E-08  
142     4.141000E-05     -1.621361E-13    -1.084907E-07  
143     4.142000E-05     -1.609875E-13    -1.167750E-07  
144     4.143000E-05     -1.597995E-13    -1.157715E-07  
145     4.144000E-05     -1.586711E-13    -1.054814E-07  
146     4.145000E-05     -1.576913E-13    -8.830732E-08  
147     4.146000E-05     -1.569049E-13    -7.239600E-08  
148     4.147000E-05     -1.562423E-13    -6.395512E-08  
149     4.148000E-05     -1.556257E-13    -6.345113E-08  
150     4.149000E-05     -1.549733E-13    -7.088400E-08  
151     4.150000E-05     -1.542083E-13    -8.419072E-08  
152     4.151000E-05     -1.532902E-13    -9.674707E-08  
153     4.152000E-05     -1.522733E-13    -1.037700E-07  
154     4.153000E-05     -1.512157E-13    -1.050397E-07  
155     4.154000E-05     -1.501729E-13    -1.005563E-07  
156     4.155000E-05     -1.492031E-13    -9.200497E-08  
157     4.156000E-05     -1.483313E-13    -8.429535E-08  
158     4.157000E-05     -1.475179E-13    -8.058307E-08  
159     4.158000E-05     -1.467203E-13    -8.079728E-08  
160     4.159000E-05     -1.459013E-13    -8.493502E-08  
161     4.160000E-05     -1.450215E-13    -9.133695E-08  
162     4.161000E-05     -1.440742E-13    -9.692100E-08  
163     4.162000E-05     -1.430831E-13    -1.012280E-07  
164     4.163000E-05     -1.420515E-13    -1.052120E-07  
165     4.164000E-05     -1.409783E-13    -1.088737E-07  
166     4.165000E-05     -1.398735E-13    -1.138005E-07  
167     4.166000E-05     -1.387035E-13    -1.201860E-07  
168     4.167000E-05     -1.374682E-13    -1.243429E-07  
169     4.168000E-05     -1.362161E-13    -1.239851E-07  
170     4.169000E-05     -1.349899E-13    -1.191128E-07  
171     4.170000E-05     -1.338345E-13    -1.112103E-07  
172     4.171000E-05     -1.327658E-13    -1.041599E-07  
173     4.172000E-05     -1.317510E-13    -1.000667E-07  
174     4.173000E-05     -1.307633E-13    -9.864000E-08  
175     4.174000E-05     -1.297789E-13    -9.987930E-08  
176     4.175000E-05     -1.287675E-13    -1.022807E-07  
177     4.176000E-05     -1.277325E-13    -1.035104E-07  
178     4.177000E-05     -1.266952E-13    -1.038170E-07  
179     4.178000E-05     -1.256569E-13    -1.042859E-07  
180     4.179000E-05     -1.246095E-13    -1.049179E-07  
181     4.180000E-05     -1.235587E-13    -1.062886E-07  
182     4.181000E-05     -1.224855E-13    -1.082581E-07  
183     4.182000E-05     -1.213931E-13    -1.091700E-07  
184     4.183000E-05     -1.203019E-13    -1.080893E-07  
185     4.184000E-05     -1.192309E-13    -1.050161E-07  
186     4.185000E-05     -1.182015E-13    -9.995827E-08  
187     4.186000E-05     -1.172318E-13    -9.465907E-08  
188     4.187000E-05     -1.163081E-13    -9.170302E-08  
189     4.188000E-05     -1.153980E-13    -9.194602E-08  
190     4.189000E-05     -1.144688E-13    -9.538673E-08  
191     4.190000E-05     -1.134900E-13    -1.009343E-07  
192     4.191000E-05     -1.124503E-13    -1.060319E-07  
193     4.192000E-05     -1.113689E-13    -1.095847E-07  
194     4.193000E-05     -1.102583E-13    -1.119560E-07  
195     4.194000E-05     -1.091297E-13    -1.131435E-07  
196     4.195000E-05     -1.079960E-13    -1.146915E-07  
197     4.196000E-05     -1.068363E-13    -1.174849E-07  
198     4.197000E-05     -1.056461E-13    -1.189969E-07  
199     4.198000E-05     -1.044560E-13    -1.173600E-07  
200     4.199000E-05     -1.032993E-13    -1.125731E-07  
201     4.200000E-05     -1.022047E-13    -1.057410E-07  
202     4.201000E-05     -1.011843E-13    -9.966195E-08  
203     4.202000E-05     -1.002123E-13    -9.578408E-08  
204     4.203000E-05     -9.926865E-14    -9.385200E-08  
205     4.204000E-05     -9.833468E-14    -9.386708E-08  
206     4.205000E-05     -9.739103E-14    -9.412132E-08  
207     4.206000E-05     -9.645233E-14    -9.299002E-08  
208     4.207000E-05     -9.553095E-14    -9.230333E-08  
209     4.208000E-05     -9.460665E-14    -9.380903E-08  
210     4.209000E-05     -9.365467E-14    -9.750668E-08  
211     4.210000E-05     -9.265567E-14    -1.044511E-07  
212     4.211000E-05     -9.156600E-14    -1.129691E-07  
213     4.212000E-05     -9.039668E-14    -1.179180E-07  
214     4.213000E-05     -8.920800E-14    -1.168785E-07  
215     4.214000E-05     -8.805892E-14    -1.098533E-07  
216     4.215000E-05     -8.701065E-14    -9.829935E-08  
217     4.216000E-05     -8.609333E-14    -8.756235E-08  
218     4.217000E-05     -8.525903E-14    -8.200800E-08  
219     4.218000E-05     -8.445330E-14    -8.211803E-08  
220     4.219000E-05     -8.361697E-14    -8.789400E-08  
221     4.220000E-05     -8.269493E-14    -9.985028E-08  
222     4.221000E-05     -8.162033E-14    -1.135170E-07  
223     4.222000E-05     -8.042468E-14    -1.209015E-07  
224     4.223000E-05     -7.920203E-14    -1.189913E-07  
225     4.224000E-05     -7.804508E-14    -1.077890E-07  
226     4.225000E-05     -7.704608E-14    -9.071932E-08  
227     4.226000E-05     -7.623068E-14    -7.634003E-08  
228     4.227000E-05     -7.551900E-14    -6.892943E-08  
229     4.228000E-05     -7.485165E-14    -6.762825E-08  
230     4.229000E-05     -7.416698E-14    -7.243808E-08  
231     4.230000E-05     -7.340265E-14    -8.220533E-08  
232     4.231000E-05     -7.252268E-14    -9.209227E-08  
233     4.232000E-05     -7.156103E-14    -9.772402E-08  
234     4.233000E-05     -7.056765E-14    -9.841027E-08  
235     4.234000E-05     -6.959273E-14    -9.414900E-08  
236     4.235000E-05     -6.868530E-14    -8.619300E-08  
237     4.236000E-05     -6.786900E-14    -7.880467E-08  
238     4.237000E-05     -6.710895E-14    -7.525597E-08  
239     4.238000E-05     -6.636375E-14    -7.580295E-08  
240     4.239000E-05     -6.559313E-14    -8.044627E-08  
241     4.240000E-05     -6.475500E-14    -9.006795E-08  
242     4.241000E-05     -6.379200E-14    -1.014950E-07  
243     4.242000E-05     -6.272550E-14    -1.077707E-07  
244     4.243000E-05     -6.163650E-14    -1.059881E-07  
245     4.244000E-05     -6.060555E-14    -9.614565E-08  
246     4.245000E-05     -5.971320E-14    -8.145698E-08  
247     4.246000E-05     -5.897633E-14    -6.937627E-08  
248     4.247000E-05     -5.832563E-14    -6.305737E-08  
249     4.248000E-05     -5.771520E-14    -6.140925E-08  
250     4.249000E-05     -5.709757E-14    -6.443212E-08  
251     4.250000E-05     -5.642663E-14    -7.068105E-08  
252     4.251000E-05     -5.568413E-14    -7.636905E-08  
253     4.252000E-05     -5.489910E-14    -7.942500E-08  
254     4.253000E-05     -5.409562E-14    -8.012205E-08  
255     4.254000E-05     -5.329665E-14    -7.846065E-08  
256     4.255000E-05     -5.252625E-14    -7.588665E-08  
257     4.256000E-05     -5.177903E-14    -7.435327E-08  
258     4.257000E-05     -5.103923E-14    -7.317360E-08  
259     4.258000E-05     -5.031562E-14    -7.115265E-08  
260     4.259000E-05     -4.961610E-14    -6.829200E-08  
261     4.260000E-05     -4.894965E-14    -6.406763E-08  
262     4.261000E-05     -4.833495E-14    -5.927850E-08  
263     4.262000E-05     -4.776412E-14    -5.643225E-08  
264     4.263000E-05     -4.720613E-14    -5.671463E-08  
265     4.264000E-05     -4.662990E-14    -6.012450E-08  
266     4.265000E-05     -4.600372E-14    -6.685988E-08  
267     4.266000E-05     -4.529272E-14    -7.450695E-08  
268     4.267000E-05     -4.451355E-14    -7.895205E-08  
269     4.268000E-05     -4.371367E-14    -7.869667E-08  
270     4.269000E-05     -4.293968E-14    -7.373835E-08  
271     4.270000E-05     -4.223880E-14    -6.583095E-08  
272     4.271000E-05     -4.162298E-14    -5.914125E-08  
273     4.272000E-05     -4.105597E-14    -5.554125E-08  
274     4.273000E-05     -4.051215E-14    -5.448600E-08  
275     4.274000E-05     -3.996630E-14    -5.597595E-08  
276     4.275000E-05     -3.939277E-14    -5.904225E-08  
277     4.276000E-05     -3.878550E-14    -6.158970E-08  
278     4.277000E-05     -3.816090E-14    -6.289830E-08  
279     4.278000E-05     -3.752753E-14    -6.337238E-08  
280     4.279000E-05     -3.689348E-14    -6.301237E-08  
281     4.280000E-05     -3.626730E-14    -6.264113E-08  
282     4.281000E-05     -3.564068E-14    -6.295005E-08  
283     4.282000E-05     -3.500820E-14    -6.292530E-08  
284     4.283000E-05     -3.438203E-14    -6.168150E-08  
285     4.284000E-05     -3.377452E-14    -5.921820E-08  
286     4.285000E-05     -3.319785E-14    -5.620207E-08  
287     4.286000E-05     -3.265042E-14    -5.374372E-08  
288     4.287000E-05     -3.212280E-14    -5.184517E-08  
289     4.288000E-05     -3.161363E-14    -5.006295E-08  
290     4.289000E-05     -3.112155E-14    -4.839705E-08  
291     4.290000E-05     -3.064567E-14    -4.634370E-08  
292     4.291000E-05     -3.019478E-14    -4.386983E-08  
293     4.292000E-05     -2.976818E-14    -4.218637E-08  
294     4.293000E-05     -2.935103E-14    -4.203247E-08  
295     4.294000E-05     -2.892757E-14    -4.340812E-08  
296     4.295000E-05     -2.848275E-14    -4.599045E-08  
297     4.296000E-05     -2.800777E-14    -4.854240E-08  
298     4.297000E-05     -2.751210E-14    -5.001683E-08  
299     4.298000E-05     -2.700743E-14    -5.027985E-08  
300     4.299000E-05     -2.650635E-14    -4.933125E-08  
301     4.300000E-05     -2.602080E-14    -4.789417E-08  
302     4.301000E-05     -2.554853E-14    -4.698990E-08  
303     4.302000E-05     -2.508098E-14    -4.634370E-08  
304     4.303000E-05     -2.462175E-14    -4.538228E-08  
305     4.304000E-05     -2.417333E-14    -4.410540E-08  
306     4.305000E-05     -2.373953E-14    -4.262715E-08  
307     4.306000E-05     -2.332080E-14    -4.124183E-08  
308     4.307000E-05     -2.291467E-14    -4.010692E-08  
309     4.308000E-05     -2.251868E-14    -3.919860E-08  
310     4.309000E-05     -2.213078E-14    -3.851685E-08  
311     4.310000E-05     -2.174839E-14    -3.776445E-08  
312     4.311000E-05     -2.137545E-14    -3.677445E-08  
313     4.312000E-05     -2.101298E-14    -3.604050E-08  
314     4.313000E-05     -2.065455E-14    -3.592530E-08  
315     4.314000E-05     -2.029432E-14    -3.642907E-08  
316     4.315000E-05     -1.992611E-14    -3.759345E-08  
317     4.316000E-05     -1.954249E-14    -3.891375E-08  
318     4.317000E-05     -1.914773E-14    -3.952800E-08  
319     4.318000E-05     -1.875195E-14    -3.912120E-08  
320     4.319000E-05     -1.836529E-14    -3.769335E-08  
321     4.320000E-05     -1.799809E-14    -3.574485E-08  
322     4.321000E-05     -1.765035E-14    -3.417255E-08  
323     4.322000E-05     -1.731465E-14    -3.307230E-08  
324     4.323000E-05     -1.698908E-14    -3.214238E-08  
325     4.324000E-05     -1.667182E-14    -3.138278E-08  
326     4.325000E-05     -1.636133E-14    -3.072127E-08  
327     4.326000E-05     -1.605735E-14    -3.003435E-08  
328     4.327000E-05     -1.576069E-14    -2.931908E-08  
329     4.328000E-05     -1.547100E-14    -2.862225E-08  
330     4.329000E-05     -1.518829E-14    -2.794433E-08  
331     4.330000E-05     -1.491210E-14    -2.709315E-08  
332     4.331000E-05     -1.464637E-14    -2.607165E-08  
333     4.332000E-05     -1.439077E-14    -2.536538E-08  
334     4.333000E-05     -1.413911E-14    -2.526390E-08  
335     4.334000E-05     -1.388543E-14    -2.576745E-08  
336     4.335000E-05     -1.362375E-14    -2.688907E-08  
337     4.336000E-05     -1.334768E-14    -2.813288E-08  
338     4.337000E-05     -1.306103E-14    -2.872193E-08  
339     4.338000E-05     -1.277325E-14    -2.838870E-08  
340     4.339000E-05     -1.249335E-14    -2.713297E-08  
341     4.340000E-05     -1.223055E-14    -2.546437E-08  
342     4.341000E-05     -1.198395E-14    -2.420145E-08  
343     4.342000E-05     -1.174658E-14    -2.329718E-08  
344     4.343000E-05     -1.151809E-14    -2.239639E-08  
345     4.344000E-05     -1.129860E-14    -2.149942E-08  
346     4.345000E-05     -1.108807E-14    -2.035541E-08  
347     4.346000E-05     -1.089151E-14    -1.900361E-08  
348     4.347000E-05     -1.070800E-14    -1.812983E-08  
349     4.348000E-05     -1.052890E-14    -1.812949E-08  
350     4.349000E-05     -1.034543E-14    -1.900249E-08  
351     4.350000E-05     -1.014890E-14    -2.050200E-08  
352     4.351000E-05     -9.935302E-15    -2.194031E-08  
353     4.352000E-05     -9.710033E-15    -2.290275E-08  
354     4.353000E-05     -9.477292E-15    -2.341620E-08  
355     4.354000E-05     -9.241695E-15    -2.348033E-08  
356     4.355000E-05     -9.007673E-15    -2.366595E-08  
357     4.356000E-05     -8.768407E-15    -2.434635E-08  
358     4.357000E-05     -8.520772E-15    -2.465393E-08  
359     4.358000E-05     -8.275297E-15    -2.391930E-08  
360     4.359000E-05     -8.042400E-15    -2.214270E-08  
361     4.360000E-05     -7.832497E-15    -1.983679E-08  
362     4.361000E-05     -7.645635E-15    -1.798673E-08  
363     4.362000E-05     -7.472700E-15    -1.678815E-08  
364     4.363000E-05     -7.309935E-15    -1.596443E-08  
365     4.364000E-05     -7.153402E-15    -1.551555E-08  
366     4.365000E-05     -6.999570E-15    -1.518469E-08  
367     4.366000E-05     -6.849742E-15    -1.467810E-08  
368     4.367000E-05     -6.706013E-15    -1.419592E-08  
369     4.368000E-05     -6.565837E-15    -1.397588E-08  
370     4.369000E-05     -6.426495E-15    -1.401795E-08  
371     4.370000E-05     -6.285420E-15    -1.436231E-08  
372     4.371000E-05     -6.139238E-15    -1.479049E-08  
373     4.372000E-05     -5.989613E-15    -1.487453E-08  
374     4.373000E-05     -5.841788E-15    -1.444500E-08  
375     4.374000E-05     -5.700712E-15    -1.350191E-08  
376     4.375000E-05     -5.571720E-15    -1.214325E-08  
377     4.376000E-05     -5.457870E-15    -1.085297E-08  
378     4.377000E-05     -5.354662E-15    -1.011190E-08  
379     4.378000E-05     -5.255640E-15    -1.001540E-08  
380     4.379000E-05     -5.154345E-15    -1.056330E-08  
381     4.380000E-05     -5.044365E-15    -1.165545E-08  
382     4.381000E-05     -4.921245E-15    -1.278079E-08  
383     4.382000E-05     -4.788743E-15    -1.342238E-08  
384     4.383000E-05     -4.652798E-15    -1.347413E-08  
385     4.384000E-05     -4.519260E-15    -1.293649E-08  
386     4.385000E-05     -4.394070E-15    -1.206315E-08  
387     4.386000E-05     -4.278015E-15    -1.136250E-08  
388     4.387000E-05     -4.166820E-15    -1.096247E-08  
389     4.388000E-05     -4.058752E-15    -1.073651E-08  
390     4.389000E-05     -3.952080E-15    -1.068451E-08  
391     4.390000E-05     -3.845070E-15    -1.080290E-08  
392     4.391000E-05     -3.736035E-15    -1.094760E-08  
393     4.392000E-05     -3.626123E-15    -1.091090E-08  
394     4.393000E-05     -3.517807E-15    -1.062603E-08  
395     4.394000E-05     -3.413588E-15    -1.009280E-08  
396     4.395000E-05     -3.315960E-15    -9.344003E-09  
397     4.396000E-05     -3.226703E-15    -8.612033E-09  
398     4.397000E-05     -3.143700E-15    -8.164103E-09  
399     4.398000E-05     -3.063420E-15    -8.067465E-09  
400     4.399000E-05     -2.982353E-15    -8.322097E-09  
401     4.400000E-05     -2.896987E-15    -9.071933E-09  
402     4.401000E-05     -2.800912E-15    -1.003043E-08  
403     4.402000E-05     -2.696377E-15    -1.040767E-08  
404     4.403000E-05     -2.592765E-15    -9.844335E-09  
405     4.404000E-05     -2.499503E-15    -8.340503E-09  
406     4.405000E-05     -2.425950E-15    -6.388313E-09  
407     4.406000E-05     -2.371725E-15    -4.948897E-09  
408     4.407000E-05     -2.326973E-15    -4.233577E-09  
409     4.408000E-05     -2.287057E-15    -3.984638E-09  
410     4.409000E-05     -2.247289E-15    -4.202055E-09  
411     4.410000E-05     -2.203009E-15    -4.634753E-09  
412     4.411000E-05     -2.154589E-15    -4.900028E-09  
413     4.412000E-05     -2.105021E-15    -5.051565E-09  
414     4.413000E-05     -2.053553E-15    -5.274585E-09  
415     4.414000E-05     -1.999519E-15    -5.569132E-09  
416     4.415000E-05     -1.942178E-15    -6.093787E-09  
417     4.416000E-05     -1.877648E-15    -6.811087E-09  
418     4.417000E-05     -1.805951E-15    -7.268400E-09  
419     4.418000E-05     -1.732275E-15    -7.209068E-09  
420     4.419000E-05     -1.661771E-15    -6.633045E-09  
421     4.420000E-05     -1.599615E-15    -5.879857E-09  
422     4.421000E-05     -1.544175E-15    -5.417123E-09  
423     4.422000E-05     -1.491277E-15    -5.097780E-09  
424     4.423000E-05     -1.442228E-15    -4.646565E-09  
425     4.424000E-05     -1.398341E-15    -4.063455E-09  
426     4.425000E-05     -1.360958E-15    -3.393675E-09  
427     4.426000E-05     -1.330470E-15    -2.810902E-09  
428     4.427000E-05     -1.304741E-15    -2.462467E-09  
429     4.428000E-05     -1.281218E-15    -2.367337E-09  
430     4.429000E-05     -1.257390E-15    -2.525490E-09  
431     4.430000E-05     -1.230705E-15    -2.815785E-09  
432     4.431000E-05     -1.201073E-15    -3.034372E-09  
433     4.432000E-05     -1.170023E-15    -3.178463E-09  
434     4.433000E-05     -1.137499E-15    -3.327930E-09  
435     4.434000E-05     -1.103470E-15    -3.482730E-09  
436     4.435000E-05     -1.067850E-15    -3.765353E-09  
437     4.436000E-05     -1.028160E-15    -4.181580E-09  
438     4.437000E-05     -9.842198E-16    -4.434142E-09  
439     4.438000E-05     -9.394695E-16    -4.342320E-09  
440     4.439000E-05     -8.973765E-16    -3.906112E-09  
441     4.440000E-05     -8.613495E-16    -3.329460E-09  
442     4.441000E-05     -8.307833E-16    -2.934697E-09  
443     4.442000E-05     -8.026605E-16    -2.695410E-09  
444     4.443000E-05     -7.768733E-16    -2.466855E-09  
445     4.444000E-05     -7.533202E-16    -2.249021E-09  
446     4.445000E-05     -7.318935E-16    -2.018903E-09  
447     4.446000E-05     -7.129463E-16    -1.786793E-09  
448     4.447000E-05     -6.961635E-16    -1.625591E-09  
449     4.448000E-05     -6.804338E-16    -1.574933E-09  
450     4.449000E-05     -6.646613E-16    -1.634839E-09  
451     4.450000E-05     -6.477345E-16    -1.749217E-09  
452     4.451000E-05     -6.296737E-16    -1.827293E-09  
453     4.452000E-05     -6.111900E-16    -1.873125E-09  
454     4.453000E-05     -5.922112E-16    -1.925460E-09  
455     4.454000E-05     -5.726812E-16    -1.984275E-09  
456     4.455000E-05     -5.525258E-16    -2.081947E-09  
457     4.456000E-05     -5.310405E-16    -2.215395E-09  
458     4.457000E-05     -5.082188E-16    -2.299207E-09  
459     4.458000E-05     -4.850573E-16    -2.283390E-09  
460     4.459000E-05     -4.625505E-16    -2.167898E-09  
461     4.460000E-05     -4.416998E-16    -2.025922E-09  
462     4.461000E-05     -4.220325E-16    -1.945507E-09  
463     4.462000E-05     -4.027883E-16    -1.875668E-09  
464     4.463000E-05     -3.845183E-16    -1.750635E-09  
465     4.464000E-05     -3.677760E-16    -1.570399E-09  
466     4.465000E-05     -3.531105E-16    -1.346681E-09  
467     4.466000E-05     -3.408435E-16    -1.142078E-09  
468     4.467000E-05     -3.302707E-16    -1.021280E-09  
469     4.468000E-05     -3.204180E-16    -9.980572E-10  
470     4.469000E-05     -3.103087E-16    -1.072426E-09  
471     4.470000E-05     -2.989687E-16    -1.252328E-09  
472     4.471000E-05     -2.852617E-16    -1.460948E-09  
473     4.472000E-05     -2.697503E-16    -1.563165E-09  
474     4.473000E-05     -2.539980E-16    -1.508625E-09  
475     4.474000E-05     -2.395778E-16    -1.297327E-09  
476     4.475000E-05     -2.280532E-16    -1.019783E-09  
477     4.476000E-05     -2.191815E-16    -8.294265E-10  
478     4.477000E-05     -2.114640E-16    -7.300597E-10  
479     4.478000E-05     -2.045801E-16    -6.626250E-10  
480     4.479000E-05     -1.982115E-16    -6.271200E-10  
481     4.480000E-05     -1.920375E-16    -5.965493E-10  
482     4.481000E-05     -1.862809E-16    -5.468445E-10  
483     4.482000E-05     -1.811003E-16    -5.093708E-10  
484     4.483000E-05     -1.760929E-16    -5.125770E-10  
485     4.484000E-05     -1.708492E-16    -5.564632E-10  
486     4.485000E-05     -1.649633E-16    -6.519307E-10  
487     4.486000E-05     -1.578105E-16    -7.689195E-10  
488     4.487000E-05     -1.495845E-16    -8.350672E-10  
489     4.488000E-05     -1.411099E-16    -8.190000E-10  
490     4.489000E-05     -1.332045E-16    -7.207200E-10  
491     4.490000E-05     -1.266953E-16    -5.772105E-10  
492     4.491000E-05     -1.216609E-16    -4.661505E-10  
493     4.492000E-05     -1.173712E-16    -4.115543E-10  
494     4.493000E-05     -1.134292E-16    -3.967605E-10  
495     4.494000E-05     -1.094371E-16    -4.217715E-10  
496     4.495000E-05     -1.049947E-16    -4.909860E-10  
497     4.496000E-05     -9.961695E-17    -5.723212E-10  
498     4.497000E-05     -9.354802E-17    -6.066563E-10  
499     4.498000E-05     -8.748428E-17    -5.713470E-10  
500     4.499000E-05     -8.212095E-17    -4.663935E-10  
501     4.500000E-05     -7.815600E-17    -3.313845E-10  
502     4.501000E-05     -7.549335E-17    -2.384978E-10  
503     4.502000E-05     -7.338600E-17    -1.970348E-10  
504     4.503000E-05     -7.155270E-17    -1.837035E-10  
505     4.504000E-05     -6.971265E-17    -1.985040E-10  
506     4.505000E-05     -6.758257E-17    -2.331607E-10  
507     4.506000E-05     -6.504863E-17    -2.649173E-10  
508     4.507000E-05     -6.228450E-17    -2.803275E-10  
509     4.508000E-05     -5.944207E-17    -2.804242E-10  
510     4.509000E-05     -5.667570E-17    -2.652120E-10  
511     4.510000E-05     -5.413815E-17    -2.438190E-10  
512     4.511000E-05     -5.179950E-17    -2.296733E-10  
513     4.512000E-05     -4.954478E-17    -2.200838E-10  
514     4.513000E-05     -4.739783E-17    -2.080643E-10  
515     4.514000E-05     -4.538340E-17    -1.936181E-10  
516     4.515000E-05     -4.352558E-17    -1.790809E-10  
517     4.516000E-05     -4.180185E-17    -1.674709E-10  
518     4.517000E-05     -4.017600E-17    -1.574798E-10  
519     4.518000E-05     -3.865230E-17    -1.471050E-10  
520     4.519000E-05     -3.723390E-17    -1.363511E-10  
521     4.520000E-05     -3.592530E-17    -1.226869E-10  
522     4.521000E-05     -3.478027E-17    -1.072260E-10  
523     4.522000E-05     -3.378060E-17    -9.797265E-11  
524     4.523000E-05     -3.282075E-17    -9.928035E-11  
525     4.524000E-05     -3.179497E-17    -1.111493E-10  
526     4.525000E-05     -3.059775E-17    -1.339065E-10  
527     4.526000E-05     -2.911702E-17    -1.603215E-10  
528     4.527000E-05     -2.739150E-17    -1.787332E-10  
529     4.528000E-05     -2.554222E-17    -1.850411E-10  
530     4.529000E-05     -2.369048E-17    -1.792429E-10  
531     4.530000E-05     -2.195741E-17    -1.750905E-10  
532     4.531000E-05     -2.018869E-17    -1.827720E-10  
533     4.532000E-05     -1.830195E-17    -1.831849E-10  
534     4.533000E-05     -1.652501E-17    -1.607929E-10  
535     4.534000E-05     -1.508603E-17    -1.155971E-10  
536     4.535000E-05     -1.421302E-17    -6.562125E-11  
537     4.536000E-05     -1.377371E-17    -3.815640E-11  
538     4.537000E-05     -1.345005E-17    -2.908688E-11  
539     4.538000E-05     -1.319198E-17    -2.502563E-11  
540     4.539000E-05     -1.294943E-17    -2.597242E-11  
541     4.540000E-05     -1.267245E-17    -2.842403E-11  
542     4.541000E-05     -1.238107E-17    -2.820735E-11  
543     4.542000E-05     -1.210838E-17    -2.782170E-11  
544     4.543000E-05     -1.182465E-17    -3.043553E-11  
545     4.544000E-05     -1.149975E-17    -3.604905E-11  
546     4.545000E-05     -1.110357E-17    -5.009377E-11  
547     4.546000E-05     -1.049774E-17    -7.182765E-11  
548     4.547000E-05     -9.667035E-18    -8.655907E-11  
549     4.548000E-05     -8.766607E-18    -8.577000E-11  
550     4.549000E-05     -7.951635E-18    -6.946065E-11  
551     4.550000E-05     -7.377368E-18    -4.622243E-11  
552     4.551000E-05     -7.027200E-18    -3.115373E-11  
553     4.552000E-05     -6.754275E-18    -2.541735E-11  
554     4.553000E-05     -6.518813E-18    -2.367270E-11  
555     4.554000E-05     -6.280875E-18    -2.591977E-11  
556     4.555000E-05     -6.000413E-18    -3.162555E-11  
557     4.556000E-05     -5.648355E-18    -3.759637E-11  
558     4.557000E-05     -5.248507E-18    -4.037355E-11  
559     4.558000E-05     -4.840852E-18    -3.916035E-11  
560     4.559000E-05     -4.465305E-18    -3.395610E-11  
561     4.560000E-05     -4.161735E-18    -2.672032E-11  
562     4.561000E-05     -3.930908E-18    -2.131358E-11  
563     4.562000E-05     -3.735473E-18    -1.862955E-11  
564     4.563000E-05     -3.558308E-18    -1.765991E-11  
565     4.564000E-05     -3.382268E-18    -1.840477E-11  
566     4.565000E-05     -3.190208E-18    -2.091780E-11  
567     4.566000E-05     -2.963925E-18    -2.378452E-11  
568     4.567000E-05     -2.714513E-18    -2.474977E-11  
569     4.568000E-05     -2.468925E-18    -2.302538E-11  
570     4.569000E-05     -2.254005E-18    -1.861155E-11  
571     4.570000E-05     -2.096685E-18    -1.312020E-11  
572     4.571000E-05     -1.991610E-18    -9.411233E-12  
573     4.572000E-05     -1.908472E-18    -7.743893E-12  
574     4.573000E-05     -1.836731E-18    -7.130002E-12  
575     4.574000E-05     -1.765868E-18    -7.569697E-12  
576     4.575000E-05     -1.685340E-18    -8.860005E-12  
577     4.576000E-05     -1.588669E-18    -1.013470E-11  
578     4.577000E-05     -1.482649E-18    -1.060103E-11  
579     4.578000E-05     -1.376651E-18    -1.013011E-11  
580     4.579000E-05     -1.280048E-18    -8.721833E-12  
581     4.580000E-05     -1.202209E-18    -6.841013E-12  
582     4.581000E-05     -1.143225E-18    -5.421847E-12  
583     4.582000E-05     -1.093770E-18    -4.703940E-12  
584     4.583000E-05     -1.049144E-18    -4.457385E-12  
585     4.584000E-05     -1.004629E-18    -4.682137E-12  
586     4.585000E-05     -9.555030E-19    -5.311957E-12  
587     4.586000E-05     -8.983867E-19    -5.959957E-12  
588     4.587000E-05     -8.363003E-19    -6.211350E-12  
589     4.588000E-05     -7.741598E-19    -5.972018E-12  
590     4.589000E-05     -7.168635E-19    -5.241960E-12  
591     4.590000E-05     -6.693187E-19    -4.188128E-12  
592     4.591000E-05     -6.331005E-19    -3.290940E-12  
593     4.592000E-05     -6.034995E-19    -2.853810E-12  
594     4.593000E-05     -5.760225E-19    -2.866545E-12  
595     4.594000E-05     -5.461718E-19    -3.329145E-12  
596     4.595000E-05     -5.094428E-19    -4.134645E-12  
597     4.596000E-05     -4.634775E-19    -4.992480E-12  
598     4.597000E-05     -4.095922E-19    -5.734080E-12  
599     4.598000E-05     -3.487973E-19    -6.374475E-12  
600     4.599000E-05     -2.821027E-19    -6.913800E-12  
601     4.600000E-05     -2.105201E-19    -7.158172E-12  
