#Sample repuslive interaction potential tabulated file, between DNA-coated particles with average center-to-center distance of 400nm (4e-5 in cgs units); adopted from experimentally-validated interaction potential described in Rogers et. al, Proc. Natl. Acad. Sci. U. S. A. 2011, 108 (38), 15687–15692
DNA_Rep_Potential
N 601 R 4.000000E-05 4.600000E-05 

1     4.000000E-05     4.131020E-12    -8.040190E-06  
2     4.001000E-05     4.211420E-12    -7.096060E-06  
3     4.002000E-05     4.272940E-12    -5.250000E-06  
4     4.003000E-05     4.316420E-12    -3.488310E-06  
5     4.004000E-05     4.342710E-12    -1.811010E-06  
6     4.005000E-05     4.352640E-12    -2.180950E-07  
7     4.006000E-05     4.347070E-12    1.290440E-06  
8     4.007000E-05     4.326830E-12    2.714590E-06  
9     4.008000E-05     4.292780E-12    4.054360E-06  
10     4.009000E-05     4.245740E-12    5.309750E-06  
11     4.010000E-05     4.186580E-12    6.480760E-06  
12     4.011000E-05     4.116130E-12    7.567380E-06  
13     4.012000E-05     4.035230E-12    8.569620E-06  
14     4.013000E-05     3.944740E-12    9.487480E-06  
15     4.014000E-05     3.845480E-12    1.032100E-05  
16     4.015000E-05     3.738320E-12    1.107000E-05  
17     4.016000E-05     3.624080E-12    1.173480E-05  
18     4.017000E-05     3.503620E-12    1.231510E-05  
19     4.018000E-05     3.377780E-12    1.281100E-05  
20     4.019000E-05     3.247400E-12    1.322260E-05  
21     4.020000E-05     3.113330E-12    1.354980E-05  
22     4.021000E-05     2.976410E-12    1.379260E-05  
23     4.022000E-05     2.837480E-12    1.395100E-05  
24     4.023000E-05     2.697390E-12    1.402500E-05  
25     4.024000E-05     2.556980E-12    1.401470E-05  
26     4.025000E-05     2.417090E-12    1.391990E-05  
27     4.026000E-05     2.278580E-12    1.374080E-05  
28     4.027000E-05     2.142280E-12    1.347730E-05  
29     4.028000E-05     2.009030E-12    1.312940E-05  
30     4.029000E-05     1.879690E-12    1.269720E-05  
31     4.030000E-05     1.755090E-12    1.218050E-05  
32     4.031000E-05     1.636080E-12    1.157950E-05  
33     4.032000E-05     1.523500E-12    1.089410E-05  
34     4.033000E-05     1.418190E-12    1.012430E-05  
35     4.034000E-05     1.321010E-12    9.270130E-06  
36     4.035000E-05     1.232790E-12    8.434190E-06  
37     4.036000E-05     1.152330E-12    7.757110E-06  
38     4.037000E-05     1.077650E-12    7.193330E-06  
39     4.038000E-05     1.008460E-12    6.659240E-06  
40     4.039000E-05     9.444650E-13    6.154840E-06  
41     4.040000E-05     8.853650E-13    5.704840E-06  
42     4.041000E-05     8.303680E-13    5.323950E-06  
43     4.042000E-05     7.788860E-13    4.972430E-06  
44     4.043000E-05     7.309200E-13    4.620560E-06  
45     4.044000E-05     6.864740E-13    4.268340E-06  
46     4.045000E-05     6.455530E-13    3.949890E-06  
47     4.046000E-05     6.074770E-13    3.692810E-06  
48     4.047000E-05     5.716970E-13    3.453200E-06  
49     4.048000E-05     5.384130E-13    3.193690E-06  
50     4.049000E-05     5.078230E-13    2.914280E-06  
51     4.050000E-05     4.801270E-13    2.642380E-06  
52     4.051000E-05     4.549760E-13    2.418400E-06  
53     4.052000E-05     4.317590E-13    2.234430E-06  
54     4.053000E-05     4.102870E-13    2.069580E-06  
55     4.054000E-05     3.903680E-13    1.923830E-06  
56     4.055000E-05     3.718100E-13    1.793450E-06  
57     4.056000E-05     3.544990E-13    1.673420E-06  
58     4.057000E-05     3.383420E-13    1.565620E-06  
59     4.058000E-05     3.231860E-13    1.473150E-06  
60     4.059000E-05     3.088790E-13    1.396030E-06  
61     4.060000E-05     2.952660E-13    1.332700E-06  
62     4.061000E-05     2.822250E-13    1.274960E-06  
63     4.062000E-05     2.697670E-13    1.214400E-06  
64     4.063000E-05     2.579370E-13    1.149220E-06  
65     4.064000E-05     2.467820E-13    1.079440E-06  
66     4.065000E-05     2.363480E-13    1.012730E-06  
67     4.066000E-05     2.265270E-13    9.573420E-07  
68     4.067000E-05     2.172010E-13    9.064420E-07  
69     4.068000E-05     2.083990E-13    8.526260E-07  
70     4.069000E-05     2.001490E-13    7.958930E-07  
71     4.070000E-05     1.924810E-13    7.366150E-07  
72     4.071000E-05     1.854160E-13    6.811050E-07  
73     4.072000E-05     1.788590E-13    6.379110E-07  
74     4.073000E-05     1.726580E-13    6.096360E-07  
75     4.074000E-05     1.666660E-13    5.962810E-07  
76     4.075000E-05     1.607330E-13    5.941090E-07  
77     4.076000E-05     1.547840E-13    5.911520E-07  
78     4.077000E-05     1.489100E-13    5.787990E-07  
79     4.078000E-05     1.432080E-13    5.566720E-07  
80     4.079000E-05     1.377760E-13    5.247690E-07  
81     4.080000E-05     1.327120E-13    4.882660E-07  
82     4.081000E-05     1.280110E-13    4.571090E-07  
83     4.082000E-05     1.235700E-13    4.332830E-07  
84     4.083000E-05     1.193450E-13    4.139980E-07  
85     4.084000E-05     1.152900E-13    3.992550E-07  
86     4.085000E-05     1.113600E-13    3.877830E-07  
87     4.086000E-05     1.075350E-13    3.764420E-07  
88     4.087000E-05     1.038310E-13    3.636980E-07  
89     4.088000E-05     1.002610E-13    3.498890E-07  
90     4.089000E-05     9.683350E-14    3.350150E-07  
91     4.090000E-05     9.356040E-14    3.199450E-07  
92     4.091000E-05     9.043460E-14    3.062550E-07  
93     4.092000E-05     8.743530E-14    2.941330E-07  
94     4.093000E-05     8.455190E-14    2.830600E-07  
95     4.094000E-05     8.177410E-14    2.730380E-07  
96     4.095000E-05     7.909120E-14    2.640200E-07  
97     4.096000E-05     7.649370E-14    2.555450E-07  
98     4.097000E-05     7.398030E-14    2.470320E-07  
99     4.098000E-05     7.155300E-14    2.383180E-07  
100     4.099000E-05     6.921390E-14    2.294030E-07  
101     4.100000E-05     6.696500E-14    2.211640E-07  
102     4.101000E-05     6.479070E-14    2.141390E-07  
103     4.102000E-05     6.268220E-14    2.069500E-07  
104     4.103000E-05     6.065170E-14    1.985490E-07  
105     4.104000E-05     5.871120E-14    1.889380E-07  
106     4.105000E-05     5.687290E-14    1.785400E-07  
107     4.106000E-05     5.514040E-14    1.688540E-07  
108     4.107000E-05     5.349580E-14    1.610730E-07  
109     4.108000E-05     5.191890E-14    1.553110E-07  
110     4.109000E-05     5.038960E-14    1.515690E-07  
111     4.110000E-05     4.888760E-14    1.485340E-07  
112     4.111000E-05     4.741890E-14    1.446460E-07  
113     4.112000E-05     4.599460E-14    1.408450E-07  
114     4.113000E-05     4.460200E-14    1.383170E-07  
115     4.114000E-05     4.322830E-14    1.370620E-07  
116     4.115000E-05     4.186080E-14    1.372700E-07  
117     4.116000E-05     4.048290E-14    1.378970E-07  
118     4.117000E-05     3.910280E-14    1.369080E-07  
119     4.118000E-05     3.774470E-14    1.334990E-07  
120     4.119000E-05     3.643280E-14    1.276700E-07  
121     4.120000E-05     3.519130E-14    1.209030E-07  
122     4.121000E-05     3.401480E-14    1.154660E-07  
123     4.122000E-05     3.288200E-14    1.110530E-07  
124     4.123000E-05     3.179370E-14    1.065740E-07  
125     4.124000E-05     3.075060E-14    1.020290E-07  
126     4.125000E-05     2.975320E-14    9.739930E-08  
127     4.126000E-05     2.880260E-14    9.295470E-08  
128     4.127000E-05     2.789410E-14    8.914390E-08  
129     4.128000E-05     2.701970E-14    8.612880E-08  
130     4.129000E-05     2.617150E-14    8.390930E-08  
131     4.130000E-05     2.534150E-14    8.225020E-08  
132     4.131000E-05     2.452650E-14    8.056180E-08  
133     4.132000E-05     2.373030E-14    7.854820E-08  
134     4.133000E-05     2.295550E-14    7.626740E-08  
135     4.134000E-05     2.220490E-14    7.371940E-08  
136     4.135000E-05     2.148110E-14    7.127450E-08  
137     4.136000E-05     2.077940E-14    6.924920E-08  
138     4.137000E-05     2.009620E-14    6.719260E-08  
139     4.138000E-05     1.943560E-14    6.470760E-08  
140     4.139000E-05     1.880200E-14    6.179410E-08  
141     4.140000E-05     1.819970E-14    5.877430E-08  
142     4.141000E-05     1.762650E-14    5.614390E-08  
143     4.142000E-05     1.707680E-14    5.384160E-08  
144     4.143000E-05     1.654970E-14    5.163230E-08  
145     4.144000E-05     1.604420E-14    4.951600E-08  
146     4.145000E-05     1.555940E-14    4.711890E-08  
147     4.146000E-05     1.510180E-14    4.446140E-08  
148     4.147000E-05     1.467010E-14    4.250790E-08  
149     4.148000E-05     1.425160E-14    4.182940E-08  
150     4.149000E-05     1.383350E-14    4.242570E-08  
151     4.150000E-05     1.340310E-14    4.436180E-08  
152     4.151000E-05     1.294630E-14    4.657980E-08  
153     4.152000E-05     1.247150E-14    4.733020E-08  
154     4.153000E-05     1.199970E-14    4.598630E-08  
155     4.154000E-05     1.155180E-14    4.254820E-08  
156     4.155000E-05     1.114870E-14    3.778640E-08  
157     4.156000E-05     1.079610E-14    3.367210E-08  
158     4.157000E-05     1.047530E-14    3.123520E-08  
159     4.158000E-05     1.017140E-14    3.030560E-08  
160     4.159000E-05     9.869190E-15    3.088320E-08  
161     4.160000E-05     9.553700E-15    3.247390E-08  
162     4.161000E-05     9.219710E-15    3.382590E-08  
163     4.162000E-05     8.877180E-15    3.429700E-08  
164     4.163000E-05     8.533770E-15    3.400250E-08  
165     4.164000E-05     8.197130E-15    3.294240E-08  
166     4.165000E-05     7.874920E-15    3.200930E-08  
167     4.166000E-05     7.556950E-15    3.187140E-08  
168     4.167000E-05     7.237500E-15    3.129970E-08  
169     4.168000E-05     6.930950E-15    2.928960E-08  
170     4.169000E-05     6.651700E-15    2.584110E-08  
171     4.170000E-05     6.414130E-15    2.141930E-08  
172     4.171000E-05     6.223320E-15    1.756860E-08  
173     4.172000E-05     6.062760E-15    1.544250E-08  
174     4.173000E-05     5.914470E-15    1.511540E-08  
175     4.174000E-05     5.760450E-15    1.658720E-08  
176     4.175000E-05     5.582720E-15    1.990080E-08  
177     4.176000E-05     5.362440E-15    2.368250E-08  
178     4.177000E-05     5.109070E-15    2.576440E-08  
179     4.178000E-05     4.847150E-15    2.539520E-08  
180     4.179000E-05     4.601170E-15    2.257490E-08  
181     4.180000E-05     4.395650E-15    1.864710E-08  
182     4.181000E-05     4.228230E-15    1.589860E-08  
183     4.182000E-05     4.077680E-15    1.440070E-08  
184     4.183000E-05     3.940220E-15    1.328120E-08  
185     4.184000E-05     3.812050E-15    1.254030E-08  
186     4.185000E-05     3.689410E-15    1.179330E-08  
187     4.186000E-05     3.576190E-15    1.077520E-08  
188     4.187000E-05     3.473910E-15    1.004880E-08  
189     4.188000E-05     3.375210E-15    1.005830E-08  
190     4.189000E-05     3.272740E-15    1.080360E-08  
191     4.190000E-05     3.159140E-15    1.251240E-08  
192     4.191000E-05     3.022490E-15    1.462530E-08  
193     4.192000E-05     2.866630E-15    1.573320E-08  
194     4.193000E-05     2.707830E-15    1.521480E-08  
195     4.194000E-05     2.562340E-15    1.307020E-08  
196     4.195000E-05     2.446430E-15    1.007030E-08  
197     4.196000E-05     2.360930E-15    7.802140E-09  
198     4.197000E-05     2.290380E-15    6.718440E-09  
199     4.198000E-05     2.226560E-15    6.456070E-09  
200     4.199000E-05     2.161260E-15    7.015010E-09  
201     4.200000E-05     2.086260E-15    8.368640E-09  
202     4.201000E-05     1.993890E-15    9.868750E-09  
203     4.202000E-05     1.888890E-15    1.060960E-08  
204     4.203000E-05     1.781700E-15    1.030700E-08  
205     4.204000E-05     1.682750E-15    8.960930E-09  
206     4.205000E-05     1.602480E-15    7.136970E-09  
207     4.206000E-05     1.540010E-15    5.840840E-09  
208     4.207000E-05     1.485660E-15    5.167420E-09  
209     4.208000E-05     1.436660E-15    4.771330E-09  
210     4.209000E-05     1.390230E-15    4.652550E-09  
211     4.210000E-05     1.343610E-15    4.648020E-09  
212     4.211000E-05     1.297270E-15    4.532730E-09  
213     4.212000E-05     1.252960E-15    4.376840E-09  
214     4.213000E-05     1.209740E-15    4.312430E-09  
215     4.214000E-05     1.166710E-15    4.339500E-09  
216     4.215000E-05     1.122950E-15    4.455350E-09  
217     4.216000E-05     1.077600E-15    4.583800E-09  
218     4.217000E-05     1.031270E-15    4.617290E-09  
219     4.218000E-05     9.852540E-16    4.521760E-09  
220     4.219000E-05     9.408360E-16    4.297220E-09  
221     4.220000E-05     8.993090E-16    3.987350E-09  
222     4.221000E-05     8.610890E-16    3.710020E-09  
223     4.222000E-05     8.251090E-16    3.532790E-09  
224     4.223000E-05     7.904340E-16    3.449050E-09  
225     4.224000E-05     7.561280E-16    3.458810E-09  
226     4.225000E-05     7.212570E-16    3.547010E-09  
227     4.226000E-05     6.851880E-16    3.635760E-09  
228     4.227000E-05     6.485420E-16    3.645820E-09  
229     4.228000E-05     6.122710E-16    3.560830E-09  
230     4.229000E-05     5.773260E-16    3.380780E-09  
231     4.230000E-05     5.446560E-16    3.172800E-09  
232     4.231000E-05     5.138690E-16    3.024650E-09  
233     4.232000E-05     4.841630E-16    2.900160E-09  
234     4.233000E-05     4.558660E-16    2.742540E-09  
235     4.234000E-05     4.293120E-16    2.551770E-09  
236     4.235000E-05     4.048310E-16    2.319080E-09  
237     4.236000E-05     3.829300E-16    2.085240E-09  
238     4.237000E-05     3.631260E-16    1.933380E-09  
239     4.238000E-05     3.442630E-16    1.897050E-09  
240     4.239000E-05     3.251850E-16    1.976250E-09  
241     4.240000E-05     3.047380E-16    2.228940E-09  
242     4.241000E-05     2.806060E-16    2.561240E-09  
243     4.242000E-05     2.535130E-16    2.687540E-09  
244     4.243000E-05     2.268550E-16    2.473980E-09  
245     4.244000E-05     2.040330E-16    1.920570E-09  
246     4.245000E-05     1.884440E-16    1.281770E-09  
247     4.246000E-05     1.783980E-16    9.272560E-10  
248     4.247000E-05     1.698990E-16    7.753710E-10  
249     4.248000E-05     1.628900E-16    6.292460E-10  
250     4.249000E-05     1.573140E-16    4.888820E-10  
251     4.250000E-05     1.531130E-16    3.625550E-10  
252     4.251000E-05     1.500630E-16    2.690180E-10  
253     4.252000E-05     1.477320E-16    2.157110E-10  
254     4.253000E-05     1.457490E-16    1.995950E-10  
255     4.254000E-05     1.437400E-16    2.206710E-10  
256     4.255000E-05     1.413350E-16    2.538210E-10  
257     4.256000E-05     1.386640E-16    2.694470E-10  
258     4.257000E-05     1.359460E-16    2.859450E-10  
259     4.258000E-05     1.329450E-16    3.261920E-10  
260     4.259000E-05     1.294230E-16    3.901870E-10  
261     4.260000E-05     1.251410E-16    5.686580E-10  
262     4.261000E-05     1.180490E-16    8.677410E-10  
263     4.262000E-05     1.077870E-16    1.069820E-09  
264     4.263000E-05     9.665310E-17    1.041870E-09  
265     4.264000E-05     8.694910E-17    7.838990E-10  
266     4.265000E-05     8.097510E-17    4.330600E-10  
267     4.266000E-05     7.828790E-17    2.231390E-10  
268     4.267000E-05     7.651230E-17    1.619150E-10  
269     4.268000E-05     7.504960E-17    1.605390E-10  
270     4.269000E-05     7.330150E-17    2.190120E-10  
271     4.270000E-05     7.066940E-17    4.303450E-10  
272     4.271000E-05     6.469460E-17    7.793070E-10  
273     4.272000E-05     5.508330E-17    1.010520E-09  
274     4.273000E-05     4.448420E-17    9.768500E-10  
275     4.274000E-05     3.554630E-17    6.782960E-10  
276     4.275000E-05     3.091830E-17    2.964150E-10  
277     4.276000E-05     2.961800E-17    1.084780E-10  
278     4.277000E-05     2.874870E-17    7.649990E-11  
279     4.278000E-05     2.808800E-17    6.678290E-11  
280     4.279000E-05     2.741310E-17    7.932690E-11  
281     4.280000E-05     2.650140E-17    1.047000E-10  
282     4.281000E-05     2.531910E-17    1.258240E-10  
283     4.282000E-05     2.398490E-17    1.406600E-10  
284     4.283000E-05     2.250590E-17    1.548170E-10  
285     4.284000E-05     2.088860E-17    1.682940E-10  
286     4.285000E-05     1.914000E-17    2.066650E-10  
287     4.286000E-05     1.675530E-17    2.725340E-10  
288     4.287000E-05     1.368930E-17    3.058760E-10  
289     4.288000E-05     1.063780E-17    2.696350E-10  
290     4.289000E-05     8.296580E-18    1.638110E-10  
291     4.290000E-05     7.361550E-18    3.709300E-11  
292     4.291000E-05     7.554720E-18    -3.486420E-11  
293     4.292000E-05     8.058840E-18    -6.030570E-11  
294     4.293000E-05     8.760830E-18    -7.443980E-11  
295     4.294000E-05     9.547630E-18    -7.726660E-11  
296     4.295000E-05     1.030620E-17    -8.350910E-11  
297     4.296000E-05     1.121780E-17    -1.031790E-10  
298     4.297000E-05     1.236970E-17    -1.144860E-10  
299     4.298000E-05     1.350750E-17    -1.003520E-10  
300     4.299000E-05     1.437680E-17    -6.077660E-11  
301     4.300000E-05     1.472310E-17    4.393360E-11  
302     4.301000E-05     1.349810E-17    2.073010E-10  
303     4.302000E-05     1.057710E-17    3.203740E-10  
304     4.303000E-05     7.090640E-18    3.203740E-10  
305     4.304000E-05     4.169580E-18    2.073010E-10  
306     4.305000E-05     2.944630E-18    5.359190E-11  
307     4.306000E-05     3.097750E-18    -2.591270E-11  
308     4.307000E-05     3.462880E-18    -4.004690E-11  
309     4.308000E-05     3.898680E-18    -4.004690E-11  
310     4.309000E-05     4.263820E-18    -2.591270E-11  
311     4.310000E-05     4.416940E-18    7.656020E-12  
312     4.311000E-05     4.110700E-18    5.182540E-11  
313     4.312000E-05     3.380430E-18    8.009370E-11  
314     4.313000E-05     2.508820E-18    8.009370E-11  
315     4.314000E-05     1.778550E-18    5.182540E-11  
316     4.315000E-05     1.472310E-18    1.531200E-11  
317     4.316000E-05     1.472310E-18    0.000000E+00  
318     4.317000E-05     1.472310E-18    0.000000E+00  
319     4.318000E-05     1.472310E-18    0.000000E+00  
320     4.319000E-05     1.472310E-18    0.000000E+00  
321     4.320000E-05     1.472310E-18    0.000000E+00  
322     4.321000E-05     1.472310E-18    0.000000E+00  
323     4.322000E-05     1.472310E-18    0.000000E+00  
324     4.323000E-05     1.472310E-18    0.000000E+00  
325     4.324000E-05     1.472310E-18    0.000000E+00  
326     4.325000E-05     1.472310E-18    7.656030E-12  
327     4.326000E-05     1.319190E-18    2.591270E-11  
328     4.327000E-05     9.540590E-19    4.004690E-11  
329     4.328000E-05     5.182540E-19    4.004690E-11  
330     4.329000E-05     1.531210E-19    2.591270E-11  
331     4.330000E-05     0.000000E+00    7.656030E-12  
332     4.331000E-05     0.000000E+00    0.000000E+00  
333     4.332000E-05     0.000000E+00    0.000000E+00  
334     4.333000E-05     0.000000E+00    0.000000E+00  
335     4.334000E-05     0.000000E+00    0.000000E+00  
336     4.335000E-05     0.000000E+00    0.000000E+00  
337     4.336000E-05     0.000000E+00    0.000000E+00  
338     4.337000E-05     0.000000E+00    0.000000E+00  
339     4.338000E-05     0.000000E+00    0.000000E+00  
340     4.339000E-05     0.000000E+00    0.000000E+00  
341     4.340000E-05     0.000000E+00    0.000000E+00  
342     4.341000E-05     0.000000E+00    0.000000E+00  
343     4.342000E-05     0.000000E+00    0.000000E+00  
344     4.343000E-05     0.000000E+00    0.000000E+00  
345     4.344000E-05     0.000000E+00    0.000000E+00  
346     4.345000E-05     0.000000E+00    0.000000E+00  
347     4.346000E-05     0.000000E+00    0.000000E+00  
348     4.347000E-05     0.000000E+00    0.000000E+00  
349     4.348000E-05     0.000000E+00    0.000000E+00  
350     4.349000E-05     0.000000E+00    0.000000E+00  
351     4.350000E-05     0.000000E+00    0.000000E+00  
352     4.351000E-05     0.000000E+00    0.000000E+00  
353     4.352000E-05     0.000000E+00    0.000000E+00  
354     4.353000E-05     0.000000E+00    0.000000E+00  
355     4.354000E-05     0.000000E+00    0.000000E+00  
356     4.355000E-05     0.000000E+00    0.000000E+00  
357     4.356000E-05     0.000000E+00    0.000000E+00  
358     4.357000E-05     0.000000E+00    0.000000E+00  
359     4.358000E-05     0.000000E+00    0.000000E+00  
360     4.359000E-05     0.000000E+00    0.000000E+00  
361     4.360000E-05     0.000000E+00    0.000000E+00  
362     4.361000E-05     0.000000E+00    0.000000E+00  
363     4.362000E-05     0.000000E+00    0.000000E+00  
364     4.363000E-05     0.000000E+00    0.000000E+00  
365     4.364000E-05     0.000000E+00    0.000000E+00  
366     4.365000E-05     0.000000E+00    0.000000E+00  
367     4.366000E-05     0.000000E+00    0.000000E+00  
368     4.367000E-05     0.000000E+00    0.000000E+00  
369     4.368000E-05     0.000000E+00    0.000000E+00  
370     4.369000E-05     0.000000E+00    0.000000E+00  
371     4.370000E-05     0.000000E+00    0.000000E+00  
372     4.371000E-05     0.000000E+00    0.000000E+00  
373     4.372000E-05     0.000000E+00    0.000000E+00  
374     4.373000E-05     0.000000E+00    0.000000E+00  
375     4.374000E-05     0.000000E+00    0.000000E+00  
376     4.375000E-05     0.000000E+00    0.000000E+00  
377     4.376000E-05     0.000000E+00    0.000000E+00  
378     4.377000E-05     0.000000E+00    0.000000E+00  
379     4.378000E-05     0.000000E+00    0.000000E+00  
380     4.379000E-05     0.000000E+00    0.000000E+00  
381     4.380000E-05     0.000000E+00    0.000000E+00  
382     4.381000E-05     0.000000E+00    0.000000E+00  
383     4.382000E-05     0.000000E+00    0.000000E+00  
384     4.383000E-05     0.000000E+00    0.000000E+00  
385     4.384000E-05     0.000000E+00    0.000000E+00  
386     4.385000E-05     0.000000E+00    0.000000E+00  
387     4.386000E-05     0.000000E+00    0.000000E+00  
388     4.387000E-05     0.000000E+00    0.000000E+00  
389     4.388000E-05     0.000000E+00    0.000000E+00  
390     4.389000E-05     0.000000E+00    0.000000E+00  
391     4.390000E-05     0.000000E+00    0.000000E+00  
392     4.391000E-05     0.000000E+00    0.000000E+00  
393     4.392000E-05     0.000000E+00    0.000000E+00  
394     4.393000E-05     0.000000E+00    0.000000E+00  
395     4.394000E-05     0.000000E+00    0.000000E+00  
396     4.395000E-05     0.000000E+00    0.000000E+00  
397     4.396000E-05     0.000000E+00    0.000000E+00  
398     4.397000E-05     0.000000E+00    0.000000E+00  
399     4.398000E-05     0.000000E+00    0.000000E+00  
400     4.399000E-05     0.000000E+00    0.000000E+00  
401     4.400000E-05     0.000000E+00    0.000000E+00  
402     4.401000E-05     0.000000E+00    0.000000E+00  
403     4.402000E-05     0.000000E+00    0.000000E+00  
404     4.403000E-05     0.000000E+00    0.000000E+00  
405     4.404000E-05     0.000000E+00    0.000000E+00  
406     4.405000E-05     0.000000E+00    0.000000E+00  
407     4.406000E-05     0.000000E+00    0.000000E+00  
408     4.407000E-05     0.000000E+00    0.000000E+00  
409     4.408000E-05     0.000000E+00    0.000000E+00  
410     4.409000E-05     0.000000E+00    0.000000E+00  
411     4.410000E-05     0.000000E+00    0.000000E+00  
412     4.411000E-05     0.000000E+00    0.000000E+00  
413     4.412000E-05     0.000000E+00    0.000000E+00  
414     4.413000E-05     0.000000E+00    0.000000E+00  
415     4.414000E-05     0.000000E+00    0.000000E+00  
416     4.415000E-05     0.000000E+00    0.000000E+00  
417     4.416000E-05     0.000000E+00    0.000000E+00  
418     4.417000E-05     0.000000E+00    0.000000E+00  
419     4.418000E-05     0.000000E+00    0.000000E+00  
420     4.419000E-05     0.000000E+00    0.000000E+00  
421     4.420000E-05     0.000000E+00    0.000000E+00  
422     4.421000E-05     0.000000E+00    0.000000E+00  
423     4.422000E-05     0.000000E+00    0.000000E+00  
424     4.423000E-05     0.000000E+00    0.000000E+00  
425     4.424000E-05     0.000000E+00    0.000000E+00  
426     4.425000E-05     0.000000E+00    0.000000E+00  
427     4.426000E-05     0.000000E+00    0.000000E+00  
428     4.427000E-05     0.000000E+00    0.000000E+00  
429     4.428000E-05     0.000000E+00    0.000000E+00  
430     4.429000E-05     0.000000E+00    0.000000E+00  
431     4.430000E-05     0.000000E+00    0.000000E+00  
432     4.431000E-05     0.000000E+00    0.000000E+00  
433     4.432000E-05     0.000000E+00    0.000000E+00  
434     4.433000E-05     0.000000E+00    0.000000E+00  
435     4.434000E-05     0.000000E+00    0.000000E+00  
436     4.435000E-05     0.000000E+00    0.000000E+00  
437     4.436000E-05     0.000000E+00    0.000000E+00  
438     4.437000E-05     0.000000E+00    0.000000E+00  
439     4.438000E-05     0.000000E+00    0.000000E+00  
440     4.439000E-05     0.000000E+00    0.000000E+00  
441     4.440000E-05     0.000000E+00    0.000000E+00  
442     4.441000E-05     0.000000E+00    0.000000E+00  
443     4.442000E-05     0.000000E+00    0.000000E+00  
444     4.443000E-05     0.000000E+00    0.000000E+00  
445     4.444000E-05     0.000000E+00    0.000000E+00  
446     4.445000E-05     0.000000E+00    0.000000E+00  
447     4.446000E-05     0.000000E+00    0.000000E+00  
448     4.447000E-05     0.000000E+00    0.000000E+00  
449     4.448000E-05     0.000000E+00    0.000000E+00  
450     4.449000E-05     0.000000E+00    0.000000E+00  
451     4.450000E-05     0.000000E+00    0.000000E+00  
452     4.451000E-05     0.000000E+00    0.000000E+00  
453     4.452000E-05     0.000000E+00    0.000000E+00  
454     4.453000E-05     0.000000E+00    0.000000E+00  
455     4.454000E-05     0.000000E+00    0.000000E+00  
456     4.455000E-05     0.000000E+00    0.000000E+00  
457     4.456000E-05     0.000000E+00    0.000000E+00  
458     4.457000E-05     0.000000E+00    0.000000E+00  
459     4.458000E-05     0.000000E+00    0.000000E+00  
460     4.459000E-05     0.000000E+00    0.000000E+00  
461     4.460000E-05     0.000000E+00    0.000000E+00  
462     4.461000E-05     0.000000E+00    0.000000E+00  
463     4.462000E-05     0.000000E+00    0.000000E+00  
464     4.463000E-05     0.000000E+00    0.000000E+00  
465     4.464000E-05     0.000000E+00    0.000000E+00  
466     4.465000E-05     0.000000E+00    0.000000E+00  
467     4.466000E-05     0.000000E+00    0.000000E+00  
468     4.467000E-05     0.000000E+00    0.000000E+00  
469     4.468000E-05     0.000000E+00    0.000000E+00  
470     4.469000E-05     0.000000E+00    0.000000E+00  
471     4.470000E-05     0.000000E+00    0.000000E+00  
472     4.471000E-05     0.000000E+00    0.000000E+00  
473     4.472000E-05     0.000000E+00    0.000000E+00  
474     4.473000E-05     0.000000E+00    0.000000E+00  
475     4.474000E-05     0.000000E+00    0.000000E+00  
476     4.475000E-05     0.000000E+00    0.000000E+00  
477     4.476000E-05     0.000000E+00    0.000000E+00  
478     4.477000E-05     0.000000E+00    0.000000E+00  
479     4.478000E-05     0.000000E+00    0.000000E+00  
480     4.479000E-05     0.000000E+00    0.000000E+00  
481     4.480000E-05     0.000000E+00    0.000000E+00  
482     4.481000E-05     0.000000E+00    0.000000E+00  
483     4.482000E-05     0.000000E+00    0.000000E+00  
484     4.483000E-05     0.000000E+00    0.000000E+00  
485     4.484000E-05     0.000000E+00    0.000000E+00  
486     4.485000E-05     0.000000E+00    0.000000E+00  
487     4.486000E-05     0.000000E+00    0.000000E+00  
488     4.487000E-05     0.000000E+00    0.000000E+00  
489     4.488000E-05     0.000000E+00    0.000000E+00  
490     4.489000E-05     0.000000E+00    0.000000E+00  
491     4.490000E-05     0.000000E+00    0.000000E+00  
492     4.491000E-05     0.000000E+00    0.000000E+00  
493     4.492000E-05     0.000000E+00    0.000000E+00  
494     4.493000E-05     0.000000E+00    0.000000E+00  
495     4.494000E-05     0.000000E+00    0.000000E+00  
496     4.495000E-05     0.000000E+00    0.000000E+00  
497     4.496000E-05     0.000000E+00    0.000000E+00  
498     4.497000E-05     0.000000E+00    0.000000E+00  
499     4.498000E-05     0.000000E+00    0.000000E+00  
500     4.499000E-05     0.000000E+00    0.000000E+00  
501     4.500000E-05     0.000000E+00    0.000000E+00  
502     4.501000E-05     0.000000E+00    0.000000E+00  
503     4.502000E-05     0.000000E+00    0.000000E+00  
504     4.503000E-05     0.000000E+00    0.000000E+00  
505     4.504000E-05     0.000000E+00    0.000000E+00  
506     4.505000E-05     0.000000E+00    0.000000E+00  
507     4.506000E-05     0.000000E+00    0.000000E+00  
508     4.507000E-05     0.000000E+00    0.000000E+00  
509     4.508000E-05     0.000000E+00    0.000000E+00  
510     4.509000E-05     0.000000E+00    0.000000E+00  
511     4.510000E-05     0.000000E+00    0.000000E+00  
512     4.511000E-05     0.000000E+00    0.000000E+00  
513     4.512000E-05     0.000000E+00    0.000000E+00  
514     4.513000E-05     0.000000E+00    0.000000E+00  
515     4.514000E-05     0.000000E+00    0.000000E+00  
516     4.515000E-05     0.000000E+00    0.000000E+00  
517     4.516000E-05     0.000000E+00    0.000000E+00  
518     4.517000E-05     0.000000E+00    0.000000E+00  
519     4.518000E-05     0.000000E+00    0.000000E+00  
520     4.519000E-05     0.000000E+00    0.000000E+00  
521     4.520000E-05     0.000000E+00    0.000000E+00  
522     4.521000E-05     0.000000E+00    0.000000E+00  
523     4.522000E-05     0.000000E+00    0.000000E+00  
524     4.523000E-05     0.000000E+00    0.000000E+00  
525     4.524000E-05     0.000000E+00    0.000000E+00  
526     4.525000E-05     0.000000E+00    0.000000E+00  
527     4.526000E-05     0.000000E+00    0.000000E+00  
528     4.527000E-05     0.000000E+00    0.000000E+00  
529     4.528000E-05     0.000000E+00    0.000000E+00  
530     4.529000E-05     0.000000E+00    0.000000E+00  
531     4.530000E-05     0.000000E+00    0.000000E+00  
532     4.531000E-05     0.000000E+00    0.000000E+00  
533     4.532000E-05     0.000000E+00    0.000000E+00  
534     4.533000E-05     0.000000E+00    0.000000E+00  
535     4.534000E-05     0.000000E+00    0.000000E+00  
536     4.535000E-05     0.000000E+00    0.000000E+00  
537     4.536000E-05     0.000000E+00    0.000000E+00  
538     4.537000E-05     0.000000E+00    0.000000E+00  
539     4.538000E-05     0.000000E+00    0.000000E+00  
540     4.539000E-05     0.000000E+00    0.000000E+00  
541     4.540000E-05     0.000000E+00    0.000000E+00  
542     4.541000E-05     0.000000E+00    0.000000E+00  
543     4.542000E-05     0.000000E+00    0.000000E+00  
544     4.543000E-05     0.000000E+00    0.000000E+00  
545     4.544000E-05     0.000000E+00    0.000000E+00  
546     4.545000E-05     0.000000E+00    0.000000E+00  
547     4.546000E-05     0.000000E+00    0.000000E+00  
548     4.547000E-05     0.000000E+00    0.000000E+00  
549     4.548000E-05     0.000000E+00    0.000000E+00  
550     4.549000E-05     0.000000E+00    0.000000E+00  
551     4.550000E-05     0.000000E+00    0.000000E+00  
552     4.551000E-05     0.000000E+00    0.000000E+00  
553     4.552000E-05     0.000000E+00    0.000000E+00  
554     4.553000E-05     0.000000E+00    0.000000E+00  
555     4.554000E-05     0.000000E+00    0.000000E+00  
556     4.555000E-05     0.000000E+00    0.000000E+00  
557     4.556000E-05     0.000000E+00    0.000000E+00  
558     4.557000E-05     0.000000E+00    0.000000E+00  
559     4.558000E-05     0.000000E+00    0.000000E+00  
560     4.559000E-05     0.000000E+00    0.000000E+00  
561     4.560000E-05     0.000000E+00    0.000000E+00  
562     4.561000E-05     0.000000E+00    0.000000E+00  
563     4.562000E-05     0.000000E+00    0.000000E+00  
564     4.563000E-05     0.000000E+00    0.000000E+00  
565     4.564000E-05     0.000000E+00    0.000000E+00  
566     4.565000E-05     0.000000E+00    0.000000E+00  
567     4.566000E-05     0.000000E+00    0.000000E+00  
568     4.567000E-05     0.000000E+00    0.000000E+00  
569     4.568000E-05     0.000000E+00    0.000000E+00  
570     4.569000E-05     0.000000E+00    0.000000E+00  
571     4.570000E-05     0.000000E+00    0.000000E+00  
572     4.571000E-05     0.000000E+00    0.000000E+00  
573     4.572000E-05     0.000000E+00    0.000000E+00  
574     4.573000E-05     0.000000E+00    0.000000E+00  
575     4.574000E-05     0.000000E+00    0.000000E+00  
576     4.575000E-05     0.000000E+00    0.000000E+00  
577     4.576000E-05     0.000000E+00    0.000000E+00  
578     4.577000E-05     0.000000E+00    0.000000E+00  
579     4.578000E-05     0.000000E+00    0.000000E+00  
580     4.579000E-05     0.000000E+00    0.000000E+00  
581     4.580000E-05     0.000000E+00    0.000000E+00  
582     4.581000E-05     0.000000E+00    0.000000E+00  
583     4.582000E-05     0.000000E+00    0.000000E+00  
584     4.583000E-05     0.000000E+00    0.000000E+00  
585     4.584000E-05     0.000000E+00    0.000000E+00  
586     4.585000E-05     0.000000E+00    0.000000E+00  
587     4.586000E-05     0.000000E+00    0.000000E+00  
588     4.587000E-05     0.000000E+00    0.000000E+00  
589     4.588000E-05     0.000000E+00    0.000000E+00  
590     4.589000E-05     0.000000E+00    0.000000E+00  
591     4.590000E-05     0.000000E+00    0.000000E+00  
592     4.591000E-05     0.000000E+00    0.000000E+00  
593     4.592000E-05     0.000000E+00    0.000000E+00  
594     4.593000E-05     0.000000E+00    0.000000E+00  
595     4.594000E-05     0.000000E+00    0.000000E+00  
596     4.595000E-05     0.000000E+00    0.000000E+00  
597     4.596000E-05     0.000000E+00    0.000000E+00  
598     4.597000E-05     0.000000E+00    0.000000E+00  
599     4.598000E-05     0.000000E+00    0.000000E+00  
600     4.599000E-05     0.000000E+00    0.000000E+00  
601     4.600000E-05     0.000000E+00    0.000000E+00  
